10 10 
54 129 155 559 10.00 10.00  
120 195 258 744 10.00 10.00 
14 89 98 510 30.00 30.00 
21 96 106 521 30.00 30.00 
35 110 123 555 30.00 30.00 
45 120 135 576 30.00 30.00 
49 124 138 577 30.00 30.00 
51 126 140 573 30.00 30.00 
60 135 150 591 30.00 30.00 
85 160 180 657 30.00 30.00 

99999 3 15 15 15 15 15 15 15 15
3 99999 15 15 15 15 15 15 15 15 
15 15 99999 8 8 8 8 8 8 8 
15 15 8 99999 8 8 8 8 8 8 
15 15 8 8 99999 8 8 8 8 8 
15 15 8 8 8 99999 8 8 8 8 
15 15 8 8 8 8 99999 8 8 8 
15 15 8 8 8 8 8 99999 8 8 
15 15 8 8 8 8 8 8 99999 8 
15 15 8 8 8 8 8 8 8 99999 
